M1=100;
K1=50;
b=50;
K12=1;
M2=1;
